# time passed	number of events	moving average
7.5	232.0	232.0
15.0	240.0	236.0
22.5	245.0	239.0
30.0	226.0	235.75
37.5	223.0	233.2
45.0	218.0	230.66666666666666
52.5	207.0	227.28571428571428
60.0	235.0	228.25
67.5	260.0	231.77777777777777
75.0	218.0	230.4
82.5	207.0	228.27272727272728
90.0	259.0	230.83333333333334
97.5	245.0	231.92307692307693
105.0	269.0	234.57142857142858
112.5	229.0	234.2
120.0	246.0	234.9375
127.5	234.0	234.88235294117646
135.0	232.0	234.72222222222223
142.5	213.0	233.57894736842104
150.0	230.0	233.4
157.5	237.0	233.57142857142858
165.0	226.0	233.22727272727272
172.5	242.0	233.6086956521739
180.0	238.0	233.79166666666666
187.5	249.0	234.4
195.0	202.0	233.15384615384616
202.5	246.0	233.62962962962962
210.0	244.0	234.0
217.5	226.0	233.72413793103448
225.0	215.0	233.1
232.5	273.0	234.38709677419354
240.0	236.0	234.4375
247.5	248.0	234.84848484848484
255.0	213.0	234.2058823529412
262.5	226.0	233.97142857142856
270.0	224.0	233.69444444444446
277.5	237.0	233.78378378378378
285.0	230.0	233.68421052631578
292.5	256.0	234.25641025641025
300.0	230.0	234.15
307.5	240.0	234.29268292682926
315.0	243.0	234.5
322.5	232.0	234.4418604651163
330.0	237.0	234.5
337.5	230.0	234.4
345.0	222.0	234.1304347826087
352.5	237.0	234.19148936170214
360.0	230.0	234.10416666666666
367.5	240.0	234.22448979591837
375.0	235.0	234.24
382.5	240.0	234.35294117647058
390.0	232.0	234.30769230769232
397.5	222.0	234.0754716981132
405.0	244.0	234.25925925925927
412.5	234.0	234.25454545454545
420.0	253.0	234.58928571428572
427.5	257.0	234.98245614035088
435.0	241.0	235.08620689655172
442.5	234.0	235.0677966101695
450.0	234.0	235.05
457.5	232.0	235.0
465.0	224.0	234.82258064516128
472.5	257.0	235.17460317460316
480.0	222.0	234.96875
487.5	228.0	234.86153846153846
495.0	232.0	234.8181818181818
502.5	228.0	234.71641791044777
510.0	193.0	234.10294117647058
517.5	239.0	234.17391304347825
525.0	241.0	234.27142857142857
532.5	250.0	234.49295774647888
540.0	244.0	234.625
547.5	224.0	234.4794520547945
555.0	249.0	234.67567567567568
562.5	238.0	234.72
570.0	214.0	234.44736842105263
577.5	262.0	234.80519480519482
585.0	232.0	234.76923076923077
592.5	233.0	234.74683544303798
600.0	212.0	234.4625
607.5	229.0	234.39506172839506
615.0	221.0	234.23170731707316
622.5	236.0	234.25301204819277
630.0	249.0	234.42857142857142
637.5	231.0	234.38823529411764
645.0	237.0	234.41860465116278
652.5	269.0	234.816091954023
660.0	255.0	235.04545454545453
667.5	246.0	235.1685393258427
675.0	218.0	234.9777777777778
682.5	228.0	234.9010989010989
690.0	232.0	234.8695652173913
697.5	251.0	235.04301075268816
705.0	216.0	234.8404255319149
712.5	233.0	234.82105263157894
720.0	217.0	234.63541666666666
727.5	222.0	234.50515463917526
735.0	215.0	234.30612244897958
742.5	209.0	234.05050505050505
750.0	232.0	234.03
757.5	236.0	234.04950495049505
765.0	226.0	233.97058823529412
772.5	247.0	234.09708737864077
780.0	253.0	234.27884615384616
787.5	212.0	234.06666666666666
795.0	255.0	234.26415094339623
802.5	231.0	234.2336448598131
810.0	231.0	234.2037037037037
817.5	240.0	234.25688073394497
825.0	224.0	234.16363636363636
832.5	231.0	234.13513513513513
840.0	233.0	234.125
847.5	246.0	234.23008849557522
855.0	220.0	234.10526315789474
862.5	265.0	234.37391304347827
870.0	246.0	234.47413793103448
877.5	263.0	234.71794871794873
885.0	243.0	234.78813559322035
892.5	240.0	234.83193277310923
900.0	225.0	234.75
907.5	237.0	234.76859504132233
915.0	240.0	234.81147540983608
922.5	235.0	234.8130081300813
930.0	219.0	234.68548387096774
937.5	233.0	234.672
945.0	266.0	234.9206349206349
952.5	232.0	234.89763779527559
960.0	252.0	235.03125
967.5	247.0	235.12403100775194
975.0	223.0	235.03076923076924
982.5	216.0	234.8854961832061
990.0	222.0	234.78787878787878
997.5	239.0	234.81954887218046
1005.0	240.0	234.8582089552239
1012.5	226.0	234.7925925925926
1020.0	235.0	234.7941176470588
1027.5	239.0	234.82481751824818
1035.0	248.0	234.92028985507247
1042.5	275.0	235.20863309352518
1050.0	261.0	235.39285714285714
1057.5	253.0	235.5177304964539
1065.0	227.0	235.45774647887325
1072.5	231.0	235.4265734265734
1080.0	231.0	235.39583333333334
1087.5	227.0	235.33793103448275
1095.0	224.0	235.26027397260273
1102.5	253.0	235.38095238095238
1110.0	243.0	235.43243243243242
1117.5	231.0	235.40268456375838
1125.0	234.0	235.39333333333335
1132.5	246.0	235.46357615894038
1140.0	226.0	235.40131578947367
1147.5	229.0	235.359477124183
1155.0	226.0	235.2987012987013
1162.5	245.0	235.36129032258066
1170.0	225.0	235.2948717948718
1177.5	244.0	235.35031847133757
1185.0	267.0	235.5506329113924
1192.5	213.0	235.40880503144655
1200.0	222.0	235.325
1207.5	222.0	235.24223602484471
1215.0	223.0	235.16666666666666
1222.5	265.0	235.34969325153375
1230.0	232.0	235.32926829268294
1237.5	232.0	235.3090909090909
1245.0	217.0	235.1987951807229
1252.5	260.0	235.34730538922156
1260.0	230.0	235.3154761904762
1267.5	257.0	235.44378698224853
1275.0	202.0	235.24705882352941
1282.5	233.0	235.23391812865498
1290.0	232.0	235.21511627906978
1297.5	258.0	235.34682080924856
1305.0	231.0	235.32183908045977
1312.5	231.0	235.29714285714286
1320.0	234.0	235.28977272727272
1327.5	224.0	235.22598870056498
1335.0	226.0	235.17415730337078
1342.5	241.0	235.20670391061452
1350.0	242.0	235.24444444444444
1357.5	225.0	235.1878453038674
1365.0	230.0	235.15934065934067
1372.5	223.0	235.0928961748634
1380.0	242.0	235.1304347826087
1387.5	214.0	235.0162162162162
1395.0	215.0	234.90860215053763
1402.5	237.0	234.91978609625667
1410.0	227.0	234.87765957446808
1417.5	217.0	234.78306878306879
1425.0	222.0	234.7157894736842
1432.5	251.0	234.80104712041884
1440.0	215.0	234.69791666666666
1447.5	227.0	234.6580310880829
1455.0	250.0	234.73711340206185
1462.5	246.0	234.7948717948718
1470.0	222.0	234.7295918367347
1477.5	233.0	234.72081218274113
1485.0	235.0	234.72222222222223
1492.5	212.0	234.60804020100502
1500.0	212.0	234.495
1507.5	243.0	234.53731343283582
1515.0	233.0	234.52970297029702
1522.5	226.0	234.48768472906403
1530.0	237.0	234.5
1537.5	221.0	234.43414634146342
1545.0	231.0	234.41747572815535
1552.5	203.0	234.2657004830918
1560.0	235.0	234.26923076923077
1567.5	228.0	234.23923444976077
1575.0	241.0	234.27142857142857
1582.5	216.0	234.18483412322274
1590.0	253.0	234.27358490566039
1597.5	237.0	234.28638497652582
1605.0	227.0	234.25233644859813
1612.5	228.0	234.2232558139535
1620.0	227.0	234.1898148148148
1627.5	215.0	234.10138248847926
1635.0	220.0	234.03669724770643
1642.5	236.0	234.0456621004566
1650.0	244.0	234.0909090909091
1657.5	223.0	234.04072398190044
1665.0	245.0	234.0900900900901
1672.5	229.0	234.06726457399103
1680.0	218.0	233.99553571428572
1687.5	225.0	233.95555555555555
1695.0	230.0	233.93805309734512
1702.5	227.0	233.90748898678413
1710.0	242.0	233.94298245614036
1717.5	222.0	233.89082969432314
1725.0	271.0	234.05217391304348
1732.5	257.0	234.15151515151516
1740.0	259.0	234.25862068965517
1747.5	257.0	234.35622317596565
1755.0	247.0	234.4102564102564
1762.5	276.0	234.58723404255318
1770.0	215.0	234.50423728813558
1777.5	238.0	234.51898734177215
1785.0	222.0	234.46638655462183
1792.5	235.0	234.46861924686192
1800.0	241.0	234.49583333333334
1807.5	247.0	234.54771784232366
1815.0	245.0	234.5909090909091
1822.5	237.0	234.6008230452675
1830.0	227.0	234.56967213114754
1837.5	264.0	234.68979591836734
1845.0	254.0	234.76829268292684
1852.5	224.0	234.7246963562753
1860.0	217.0	234.65322580645162
1867.5	233.0	234.64658634538154
1875.0	219.0	234.584
1882.5	225.0	234.54581673306774
1890.0	249.0	234.6031746031746
1897.5	239.0	234.62055335968378
1905.0	243.0	234.6535433070866
1912.5	230.0	234.63529411764705
1920.0	216.0	234.5625
1927.5	261.0	234.66536964980546
1935.0	244.0	234.7015503875969
1942.5	235.0	234.7027027027027
1950.0	244.0	234.73846153846154
1957.5	205.0	234.62452107279694
1965.0	231.0	234.61068702290078
1972.5	236.0	234.61596958174906
1980.0	214.0	234.53787878787878
1987.5	225.0	234.50188679245284
1995.0	247.0	234.54887218045113
2002.5	243.0	234.58052434456928
2010.0	231.0	234.56716417910448
2017.5	220.0	234.51301115241637
2025.0	214.0	234.43703703703704
2032.5	242.0	234.4649446494465
2040.0	236.0	234.47058823529412
2047.5	250.0	234.52747252747253
2055.0	243.0	234.55839416058393
2062.5	172.0	234.3309090909091
2070.0	230.0	234.31521739130434
2077.5	256.0	234.39350180505414
2085.0	235.0	234.3956834532374
2092.5	244.0	234.43010752688173
2100.0	256.0	234.50714285714287
2107.5	231.0	234.49466192170817
2115.0	233.0	234.48936170212767
2122.5	243.0	234.51943462897526
2130.0	237.0	234.5281690140845
2137.5	215.0	234.459649122807
2145.0	242.0	234.48601398601397
2152.5	240.0	234.50522648083623
2160.0	220.0	234.45486111111111
2167.5	263.0	234.55363321799308
2175.0	236.0	234.55862068965519
2182.5	231.0	234.5463917525773
2190.0	256.0	234.61986301369862
2197.5	238.0	234.63139931740614
2205.0	238.0	234.64285714285714
2212.5	230.0	234.6271186440678
2220.0	219.0	234.57432432432432
2227.5	229.0	234.55555555555554
2235.0	231.0	234.54362416107384
2242.5	211.0	234.4648829431438
2250.0	233.0	234.46
2257.5	255.0	234.5282392026578
2265.0	243.0	234.5562913907285
2272.5	252.0	234.6138613861386
2280.0	237.0	234.62171052631578
2287.5	244.0	234.65245901639344
2295.0	222.0	234.61111111111111
2302.5	237.0	234.61889250814332
2310.0	239.0	234.63311688311688
2317.5	214.0	234.5663430420712
2325.0	208.0	234.4806451612903
2332.5	233.0	234.475884244373
2340.0	260.0	234.55769230769232
2347.5	220.0	234.5111821086262
2355.0	238.0	234.52229299363057
2362.5	258.0	234.5968253968254
2370.0	233.0	234.59177215189874
2377.5	237.0	234.5993690851735
2385.0	238.0	234.61006289308176
2392.5	220.0	234.56426332288402
2400.0	242.0	234.5875
2407.5	250.0	234.6355140186916
2415.0	223.0	234.59937888198758
2422.5	216.0	234.54179566563468
2430.0	225.0	234.51234567901236
2437.5	229.0	234.4953846153846
2445.0	224.0	234.46319018404907
2452.5	211.0	234.3914373088685
2460.0	243.0	234.41768292682926
2467.5	238.0	234.42857142857142
2475.0	237.0	234.43636363636364
2482.5	229.0	234.4199395770393
2490.0	243.0	234.44578313253012
2497.5	227.0	234.42342342342343
2505.0	259.0	234.49700598802394
2512.5	224.0	234.46567164179103
2520.0	231.0	234.45535714285714
2527.5	225.0	234.42729970326408
2535.0	218.0	234.37869822485206
2542.5	248.0	234.4188790560472
2550.0	250.0	234.46470588235294
2557.5	256.0	234.52785923753666
2565.0	223.0	234.49415204678363
2572.5	240.0	234.51020408163265
2580.0	240.0	234.52616279069767
2587.5	238.0	234.53623188405797
2595.0	256.0	234.59826589595374
2602.5	235.0	234.59942363112393
2610.0	244.0	234.6264367816092
2617.5	250.0	234.6704871060172
2625.0	226.0	234.6457142857143
2632.5	249.0	234.6866096866097
2640.0	244.0	234.7130681818182
2647.5	254.0	234.76770538243625
2655.0	262.0	234.84463276836158
2662.5	211.0	234.7774647887324
2670.0	242.0	234.79775280898878
2677.5	235.0	234.7983193277311
2685.0	232.0	234.7905027932961
2692.5	240.0	234.8050139275766
2700.0	228.0	234.7861111111111
2707.5	233.0	234.78116343490305
2715.0	257.0	234.84254143646407
2722.5	217.0	234.79338842975207
2730.0	272.0	234.8956043956044
2737.5	253.0	234.94520547945206
2745.0	215.0	234.89071038251367
2752.5	212.0	234.8283378746594
2760.0	221.0	234.79076086956522
2767.5	240.0	234.8048780487805
2775.0	257.0	234.86486486486487
2782.5	245.0	234.8921832884097
2790.0	245.0	234.91935483870967
2797.5	256.0	234.9758713136729
2805.0	234.0	234.97326203208556
2812.5	226.0	234.94933333333333
2820.0	256.0	235.00531914893617
2827.5	240.0	235.0185676392573
2835.0	219.0	234.97619047619048
2842.5	268.0	235.06332453825857
2850.0	210.0	234.99736842105264
2857.5	236.0	235.0
2865.0	221.0	234.9633507853403
2872.5	244.0	234.98694516971278
2880.0	199.0	234.89322916666666
2887.5	235.0	234.8935064935065
2895.0	235.0	234.89378238341968
2902.5	228.0	234.87596899224806
2910.0	242.0	234.8943298969072
2917.5	234.0	234.89203084832906
2925.0	254.0	234.94102564102565
2932.5	245.0	234.96675191815856
2940.0	231.0	234.95663265306123
2947.5	243.0	234.9770992366412
2955.0	222.0	234.94416243654823
2962.5	245.0	234.96962025316455
2970.0	216.0	234.92171717171718
2977.5	249.0	234.95717884130983
2985.0	226.0	234.93467336683418
2992.5	213.0	234.8796992481203
3000.0	218.0	234.8375
3007.5	211.0	234.77805486284288
3015.0	245.0	234.80348258706468
3022.5	219.0	234.76426799007444
3030.0	220.0	234.72772277227722
3037.5	221.0	234.69382716049384
3045.0	244.0	234.7167487684729
3052.5	253.0	234.76167076167076
3060.0	228.0	234.7450980392157
3067.5	216.0	234.69926650366747
3075.0	228.0	234.6829268292683
3082.5	220.0	234.64720194647202
3090.0	231.0	234.63834951456312
3097.5	219.0	234.6004842615012
3105.0	231.0	234.59178743961354
3112.5	237.0	234.59759036144578
3120.0	230.0	234.58653846153845
3127.5	238.0	234.5947242206235
3135.0	254.0	234.64114832535884
3142.5	248.0	234.67303102625297
3150.0	226.0	234.65238095238095
3157.5	243.0	234.67220902612826
3165.0	248.0	234.7037914691943
3172.5	219.0	234.66666666666666
3180.0	224.0	234.64150943396226
3187.5	225.0	234.61882352941177
3195.0	261.0	234.68075117370893
3202.5	243.0	234.70023419203747
3210.0	223.0	234.6728971962617
3217.5	241.0	234.6876456876457
3225.0	245.0	234.71162790697673
3232.5	227.0	234.6937354988399
3240.0	239.0	234.7037037037037
3247.5	260.0	234.7621247113164
3255.0	230.0	234.75115207373273
3262.5	235.0	234.75172413793103
3270.0	230.0	234.7408256880734
3277.5	249.0	234.77345537757438
3285.0	231.0	234.7648401826484
3292.5	225.0	234.74259681093395
3300.0	260.0	234.8
3307.5	266.0	234.87074829931973
3315.0	241.0	234.8846153846154
3322.5	234.0	234.882618510158
3330.0	228.0	234.86711711711712
3337.5	237.0	234.87191011235956
3345.0	235.0	234.87219730941703
3352.5	220.0	234.83892617449663
3360.0	226.0	234.81919642857142
3367.5	230.0	234.8084632516704
3375.0	246.0	234.83333333333334
3382.5	205.0	234.76718403547673
3390.0	242.0	234.78318584070797
3397.5	255.0	234.82781456953643
3405.0	217.0	234.78854625550662
3412.5	238.0	234.79560439560439
3420.0	213.0	234.74780701754386
3427.5	218.0	234.71115973741794
3435.0	213.0	234.66375545851528
3442.5	253.0	234.7037037037037
3450.0	270.0	234.7804347826087
3457.5	255.0	234.824295010846
3465.0	221.0	234.7943722943723
3472.5	233.0	234.79049676025917
3480.0	223.0	234.76508620689654
3487.5	261.0	234.82150537634408
3495.0	244.0	234.8412017167382
3502.5	250.0	234.87366167023555
3510.0	246.0	234.89743589743588
3517.5	224.0	234.87420042643924
3525.0	256.0	234.91914893617022
3532.5	243.0	234.93630573248407
3540.0	214.0	234.89194915254237
3547.5	232.0	234.88583509513742
3555.0	249.0	234.915611814346
3562.5	254.0	234.9557894736842
3570.0	231.0	234.94747899159663
3577.5	217.0	234.9098532494759
3585.0	228.0	234.89539748953976
3592.5	237.0	234.89979123173276
3600.0	228.0	234.88541666666666
3607.5	232.0	234.87941787941787
3615.0	251.0	234.91286307053943
3622.5	253.0	234.9503105590062
3630.0	241.0	234.96280991735537
3637.5	255.0	235.0041237113402
3645.0	204.0	234.940329218107
3652.5	240.0	234.95071868583162
3660.0	223.0	234.9262295081967
3667.5	229.0	234.91411042944785
3675.0	269.0	234.98367346938775
3682.5	241.0	234.9959266802444
3690.0	216.0	234.95731707317074
3697.5	217.0	234.920892494929
3705.0	244.0	234.93927125506073
3712.5	275.0	235.02020202020202
3720.0	241.0	235.03225806451613
3727.5	239.0	235.04024144869214
3735.0	232.0	235.03413654618473
3742.5	246.0	235.0561122244489
3750.0	243.0	235.072
3757.5	257.0	235.11576846307386
3765.0	238.0	235.1215139442231
3772.5	229.0	235.10934393638172
3780.0	211.0	235.06150793650792
3787.5	249.0	235.0891089108911
3795.0	229.0	235.07707509881422
3802.5	227.0	235.0611439842209
3810.0	229.0	235.04921259842519
3817.5	262.0	235.10216110019647
3825.0	226.0	235.0843137254902
3832.5	249.0	235.1115459882583
3840.0	247.0	235.134765625
3847.5	256.0	235.17543859649123
3855.0	228.0	235.1614785992218
3862.5	237.0	235.16504854368932
3870.0	254.0	235.2015503875969
3877.5	231.0	235.19342359767893
3885.0	234.0	235.1911196911197
3892.5	232.0	235.1849710982659
3900.0	244.0	235.20192307692307
3907.5	231.0	235.19385796545106
3915.0	231.0	235.18582375478928
3922.5	224.0	235.1644359464627
3930.0	272.0	235.23473282442748
3937.5	231.0	235.22666666666666
3945.0	223.0	235.20342205323195
3952.5	246.0	235.22390891840607
3960.0	256.0	235.26325757575756
3967.5	229.0	235.2514177693762
3975.0	233.0	235.24716981132076
3982.5	257.0	235.28813559322035
3990.0	268.0	235.34962406015038
3997.5	227.0	235.33395872420263
4005.0	226.0	235.31647940074907
4012.5	250.0	235.34392523364485
4020.0	239.0	235.3507462686567
4027.5	248.0	235.37430167597765
4035.0	248.0	235.39776951672863
4042.5	248.0	235.42115027829314
4050.0	239.0	235.42777777777778
4057.5	226.0	235.41035120147873
4065.0	219.0	235.38007380073802
4072.5	257.0	235.41988950276243
4080.0	225.0	235.40073529411765
4087.5	260.0	235.44587155963302
4095.0	239.0	235.45238095238096
4102.5	207.0	235.40036563071297
4110.0	234.0	235.3978102189781
4117.5	270.0	235.46083788706738
4125.0	253.0	235.49272727272728
4132.5	256.0	235.52994555353902
4140.0	226.0	235.51268115942028
4147.5	213.0	235.47197106690777
4155.0	225.0	235.45306859205778
4162.5	230.0	235.44324324324324
4170.0	223.0	235.4208633093525
4177.5	259.0	235.46319569120288
4185.0	226.0	235.44623655913978
4192.5	241.0	235.4561717352415
4200.0	228.0	235.44285714285715
4207.5	241.0	235.45276292335114
4215.0	242.0	235.4644128113879
4222.5	223.0	235.4422735346359
4230.0	214.0	235.40425531914894
4237.5	266.0	235.458407079646
4245.0	238.0	235.46289752650176
4252.5	242.0	235.47442680776015
4260.0	246.0	235.49295774647888
4267.5	223.0	235.47100175746925
4275.0	266.0	235.52456140350878
4282.5	225.0	235.5061295971979
4290.0	265.0	235.55769230769232
4297.5	218.0	235.52705061082025
4305.0	248.0	235.5487804878049
4312.5	240.0	235.55652173913043
4320.0	240.0	235.56423611111111
4327.5	216.0	235.53032928942807
4335.0	228.0	235.51730103806227
4342.5	209.0	235.47150259067357
4350.0	263.0	235.51896551724138
4357.5	226.0	235.5025817555938
4365.0	247.0	235.52233676975945
4372.5	238.0	235.52658662092625
4380.0	222.0	235.50342465753425
4387.5	245.0	235.51965811965812
4395.0	231.0	235.51194539249147
4402.5	228.0	235.4991482112436
4410.0	227.0	235.48469387755102
4417.5	268.0	235.53989813242785
4425.0	254.0	235.57118644067796
4432.5	250.0	235.59560067681895
4440.0	230.0	235.58614864864865
4447.5	242.0	235.59696458684655
4455.0	233.0	235.59259259259258
4462.5	241.0	235.6016806722689
4470.0	245.0	235.61744966442953
4477.5	258.0	235.65494137353434
4485.0	237.0	235.6571906354515
4492.5	213.0	235.6193656093489
4500.0	224.0	235.6
4507.5	213.0	235.56239600665558
4515.0	211.0	235.52159468438538
4522.5	223.0	235.50082918739636
4530.0	233.0	235.49668874172184
4537.5	219.0	235.4694214876033
4545.0	212.0	235.43069306930693
4552.5	223.0	235.41021416803954
4560.0	241.0	235.41940789473685
4567.5	241.0	235.42857142857142
4575.0	235.0	235.42786885245903
4582.5	237.0	235.430441898527
4590.0	249.0	235.45261437908496
4597.5	243.0	235.46492659053834
4605.0	254.0	235.49511400651465
4612.5	228.0	235.48292682926828
4620.0	247.0	235.50162337662337
4627.5	240.0	235.50891410048624
4635.0	225.0	235.49190938511327
4642.5	212.0	235.453957996769
4650.0	226.0	235.43870967741935
4657.5	235.0	235.4380032206119
4665.0	235.0	235.43729903536976
4672.5	223.0	235.41733547351524
4680.0	270.0	235.4727564102564
4687.5	238.0	235.4768
4695.0	243.0	235.4888178913738
4702.5	215.0	235.4561403508772
4710.0	241.0	235.46496815286625
4717.5	242.0	235.47535771065182
4725.0	235.0	235.47460317460317
4732.5	210.0	235.43423137876385
4740.0	264.0	235.47943037974684
4747.5	249.0	235.50078988941547
4755.0	240.0	235.50788643533124
4762.5	245.0	235.5228346456693
4770.0	233.0	235.5188679245283
4777.5	232.0	235.51334379905808
4785.0	240.0	235.5203761755486
4792.5	234.0	235.51799687010956
4800.0	226.0	235.503125
4807.5	225.0	235.4867394695788
4815.0	215.0	235.45482866043614
4822.5	253.0	235.48211508553655
4830.0	241.0	235.49068322981367
4837.5	258.0	235.52558139534884
4845.0	240.0	235.53250773993807
4852.5	228.0	235.5208655332303
4860.0	232.0	235.51543209876544
4867.5	250.0	235.537750385208
4875.0	248.0	235.55692307692308
4882.5	224.0	235.53917050691246
4890.0	236.0	235.53987730061348
4897.5	209.0	235.49923430321593
4905.0	247.0	235.51681957186545
4912.5	240.0	235.5236641221374
4920.0	212.0	235.4878048780488
4927.5	230.0	235.4794520547945
4935.0	243.0	235.49088145896656
4942.5	245.0	235.50531107739
4950.0	245.0	235.51969696969698
4957.5	255.0	235.54916792738274
4965.0	234.0	235.54682779456192
4972.5	247.0	235.56410256410257
4980.0	233.0	235.56024096385542
4987.5	253.0	235.58646616541353
4995.0	247.0	235.6036036036036
5002.5	220.0	235.58020989505246
5010.0	232.0	235.5748502994012
5017.5	223.0	235.55605381165918
5025.0	243.0	235.56716417910448
5032.5	256.0	235.59761549925486
5040.0	245.0	235.61160714285714
5047.5	244.0	235.62407132243686
5055.0	217.0	235.59643916913947
5062.5	218.0	235.57037037037037
5070.0	220.0	235.5473372781065
5077.5	239.0	235.55243722304283
5085.0	232.0	235.547197640118
5092.5	222.0	235.52724594992637
5100.0	247.0	235.5441176470588
5107.5	231.0	235.5374449339207
5115.0	210.0	235.5
5122.5	239.0	235.50512445095168
5130.0	249.0	235.5248538011696
5137.5	248.0	235.54306569343066
5145.0	263.0	235.58309037900875
5152.5	264.0	235.6244541484716
5160.0	240.0	235.63081395348837
5167.5	235.0	235.6298984034833
5175.0	192.0	235.56666666666666
5182.5	236.0	235.56729377713458
5190.0	208.0	235.52745664739885
5197.5	240.0	235.53391053391053
5205.0	225.0	235.5187319884726
5212.5	203.0	235.47194244604316
5220.0	257.0	235.5028735632184
5227.5	233.0	235.49928263988522
5235.0	228.0	235.48853868194843
5242.5	235.0	235.48783977110156
5250.0	231.0	235.48142857142858
5257.5	238.0	235.48502139800286
5265.0	231.0	235.47863247863248
5272.5	243.0	235.48933143669987
5280.0	255.0	235.51704545454547
5287.5	244.0	235.5290780141844
5295.0	263.0	235.56798866855524
5302.5	232.0	235.56294200848657
5310.0	210.0	235.52683615819208
5317.5	262.0	235.56417489421722
5325.0	251.0	235.58591549295775
5332.5	218.0	235.56118143459915
5340.0	257.0	235.59129213483146
5347.5	240.0	235.59747545582047
5355.0	237.0	235.59943977591035
5362.5	234.0	235.59720279720278
5370.0	246.0	235.61173184357543
5377.5	226.0	235.59832635983264
5385.0	258.0	235.62952646239555
5392.5	251.0	235.6509040333797
5400.0	239.0	235.65555555555557
5407.5	253.0	235.67961165048544
5415.0	247.0	235.69529085872577
5422.5	219.0	235.6721991701245
5430.0	223.0	235.65469613259668
5437.5	224.0	235.63862068965517
5445.0	229.0	235.62947658402203
5452.5	223.0	235.6121045392022
5460.0	197.0	235.55906593406593
5467.5	230.0	235.5514403292181
5475.0	231.0	235.54520547945205
5482.5	231.0	235.5389876880985
5490.0	239.0	235.54371584699453
5497.5	231.0	235.53751705320602
5505.0	235.0	235.5367847411444
5512.5	232.0	235.53197278911566
5520.0	242.0	235.54076086956522
5527.5	239.0	235.54545454545453
5535.0	228.0	235.53523035230353
5542.5	242.0	235.54397834912044
5550.0	240.0	235.55
5557.5	212.0	235.51821862348177
5565.0	250.0	235.53773584905662
5572.5	231.0	235.53162853297442
5580.0	243.0	235.54166666666666
5587.5	232.0	235.53691275167785
5595.0	265.0	235.57640750670242
5602.5	215.0	235.54886211512718
5610.0	257.0	235.57754010695186
5617.5	248.0	235.59412550066756
5625.0	252.0	235.616
5632.5	232.0	235.61118508655127
5640.0	238.0	235.61436170212767
5647.5	227.0	235.60292164674635
5655.0	253.0	235.6259946949602
5662.5	237.0	235.6278145695364
5670.0	245.0	235.64021164021165
5677.5	243.0	235.64993394980186
5685.0	236.0	235.65039577836413
5692.5	239.0	235.65480895915678
5700.0	250.0	235.67368421052632
5707.5	239.0	235.67805519053877
5715.0	236.0	235.6784776902887
5722.5	244.0	235.68938401048493
5730.0	245.0	235.70157068062827
5737.5	265.0	235.73986928104574
5745.0	228.0	235.72976501305482
5752.5	212.0	235.69882659713167
5760.0	219.0	235.67708333333334
5767.5	231.0	235.67100130039012
5775.0	211.0	235.63896103896104
5782.5	225.0	235.62516212710764
5790.0	234.0	235.62305699481865
5797.5	225.0	235.60931435963778
5805.0	247.0	235.62403100775194
5812.5	256.0	235.65032258064517
5820.0	222.0	235.6327319587629
5827.5	245.0	235.64478764478764
5835.0	212.0	235.61439588688947
5842.5	226.0	235.602053915276
5850.0	261.0	235.6346153846154
5857.5	214.0	235.60691421254802
5865.0	250.0	235.62531969309464
5872.5	218.0	235.60280970625797
5880.0	243.0	235.6122448979592
5887.5	242.0	235.6203821656051
5895.0	234.0	235.61832061068702
5902.5	237.0	235.62007623888184
5910.0	243.0	235.62944162436548
5917.5	246.0	235.6425855513308
5925.0	232.0	235.63797468354431
5932.5	243.0	235.6472819216182
5940.0	251.0	235.66666666666666
5947.5	231.0	235.66078184110972
5955.0	215.0	235.63476070528966
5962.5	232.0	235.6301886792453
5970.0	222.0	235.61306532663318
5977.5	248.0	235.62860727728983
5985.0	232.0	235.62406015037595
5992.5	239.0	235.62828535669587
6000.0	220.0	235.60875
6007.5	237.0	235.61048689138576
6015.0	225.0	235.59725685785537
6022.5	229.0	235.58904109589042
6030.0	220.0	235.56965174129354
6037.5	248.0	235.58509316770187
6045.0	257.0	235.61166253101737
6052.5	223.0	235.59603469640643
6060.0	222.0	235.57920792079207
6067.5	229.0	235.57107540173052
6075.0	268.0	235.61111111111111
6082.5	217.0	235.5881627620222
6090.0	242.0	235.5960591133005
6097.5	230.0	235.5891758917589
6105.0	228.0	235.57985257985257
6112.5	259.0	235.60858895705522
6120.0	239.0	235.61274509803923
6127.5	221.0	235.59485924112607
6135.0	207.0	235.559902200489
6142.5	250.0	235.5775335775336
6150.0	248.0	235.59268292682927
6157.5	244.0	235.6029232643118
6165.0	220.0	235.5839416058394
6172.5	231.0	235.57837181044957
6180.0	230.0	235.57160194174756
6187.5	232.0	235.56727272727272
6195.0	239.0	235.57142857142858
6202.5	246.0	235.58403869407496
6210.0	248.0	235.59903381642513
6217.5	227.0	235.58866103739444
6225.0	231.0	235.58313253012048
6232.5	198.0	235.5379061371841
6240.0	228.0	235.52884615384616
6247.5	228.0	235.51980792316928
6255.0	236.0	235.52038369304557
6262.5	256.0	235.5449101796407
6270.0	262.0	235.57655502392345
6277.5	256.0	235.6009557945042
6285.0	259.0	235.62887828162292
6292.5	258.0	235.6555423122765
6300.0	255.0	235.67857142857142
6307.5	200.0	235.63614744351963
6315.0	239.0	235.64014251781472
6322.5	240.0	235.6453143534994
6330.0	243.0	235.65402843601896
6337.5	223.0	235.63905325443787
6345.0	261.0	235.66903073286053
6352.5	225.0	235.6564344746163
6360.0	235.0	235.6556603773585
6367.5	226.0	235.64428739693759
6375.0	229.0	235.63647058823528
6382.5	202.0	235.59694477085782
6390.0	230.0	235.59037558685446
6397.5	222.0	235.5744431418523
6405.0	235.0	235.5737704918033
6412.5	251.0	235.59181286549708
6420.0	238.0	235.5946261682243
6427.5	239.0	235.59859976662779
6435.0	236.0	235.5990675990676
6442.5	231.0	235.59371362048893
6450.0	223.0	235.57906976744187
6457.5	249.0	235.59465737514518
6465.0	264.0	235.62761020881672
6472.5	210.0	235.59791425260718
6480.0	239.0	235.60185185185185
6487.5	224.0	235.5884393063584
6495.0	238.0	235.59122401847574
6502.5	234.0	235.58938869665513
6510.0	243.0	235.5979262672811
6517.5	242.0	235.6052934407365
6525.0	241.0	235.61149425287357
6532.5	225.0	235.59931113662458
6540.0	254.0	235.6204128440367
6547.5	231.0	235.6151202749141
6555.0	230.0	235.6086956521739
6562.5	239.0	235.61257142857144
6570.0	239.0	235.6164383561644
6577.5	240.0	235.62143671607754
6585.0	226.0	235.61047835990888
6592.5	222.0	235.59499431171787
6600.0	258.0	235.62045454545455
6607.5	226.0	235.6095346197503
6615.0	265.0	235.64285714285714
6622.5	234.0	235.6409966024915
6630.0	234.0	235.6391402714932
6637.5	204.0	235.60338983050846
6645.0	244.0	235.61286681715575
6652.5	258.0	235.6381059751973
6660.0	241.0	235.64414414414415
6667.5	232.0	235.6400449943757
6675.0	223.0	235.6258426966292
6682.5	258.0	235.65095398428733
6690.0	244.0	235.6603139013453
6697.5	264.0	235.69204927211646
6705.0	245.0	235.70246085011186
6712.5	235.0	235.70167597765362
6720.0	259.0	235.72767857142858
6727.5	222.0	235.7123745819398
6735.0	222.0	235.69710467706014
6742.5	248.0	235.71078976640712
6750.0	238.0	235.71333333333334
6757.5	275.0	235.75693673695895
6765.0	247.0	235.76940133037695
6772.5	249.0	235.78405315614617
6780.0	224.0	235.77101769911505
6787.5	239.0	235.7745856353591
6795.0	255.0	235.79580573951435
6802.5	243.0	235.8037486218302
6810.0	243.0	235.81167400881057
6817.5	230.0	235.8052805280528
6825.0	237.0	235.8065934065934
6832.5	228.0	235.7980241492865
6840.0	240.0	235.80263157894737
6847.5	226.0	235.7918948521358
6855.0	219.0	235.77352297592998
6862.5	241.0	235.77923497267759
6870.0	233.0	235.77620087336246
6877.5	226.0	235.76553980370775
6885.0	226.0	235.7549019607843
6892.5	237.0	235.75625680087052
6900.0	219.0	235.73804347826086
6907.5	229.0	235.73072747014115
6915.0	271.0	235.76898047722344
6922.5	223.0	235.7551462621885
6930.0	205.0	235.72186147186147
6937.5	267.0	235.7556756756757
6945.0	252.0	235.7732181425486
6952.5	236.0	235.7734627831715
6960.0	220.0	235.75646551724137
6967.5	222.0	235.7416576964478
6975.0	228.0	235.73333333333332
6982.5	248.0	235.74650912996776
6990.0	264.0	235.77682403433477
6997.5	236.0	235.7770632368703
7005.0	243.0	235.7847965738758
7012.5	231.0	235.77967914438503
7020.0	252.0	235.79700854700855
7027.5	231.0	235.79188900747064
7035.0	243.0	235.79957356076758
7042.5	246.0	235.81043663471777
7050.0	244.0	235.81914893617022
7057.5	267.0	235.85228480340064
7065.0	224.0	235.83970276008492
7072.5	225.0	235.82820784729586
7080.0	243.0	235.83580508474577
7087.5	241.0	235.84126984126985
7095.0	213.0	235.81712473572938
7102.5	237.0	235.818373812038
7110.0	229.0	235.81118143459915
7117.5	249.0	235.82507903055847
7125.0	251.0	235.84105263157895
7132.5	274.0	235.88117770767613
7140.0	208.0	235.8518907563025
7147.5	228.0	235.8436516264428
7155.0	246.0	235.85429769392033
7162.5	211.0	235.8282722513089
7170.0	223.0	235.81485355648536
7177.5	229.0	235.80773249738766
7185.0	261.0	235.8340292275574
7192.5	257.0	235.8561001042753
7200.0	230.0	235.85
7207.5	229.0	235.84287200832466
7215.0	245.0	235.85239085239084
7222.5	243.0	235.85981308411215
7230.0	233.0	235.85684647302904
7237.5	279.0	235.9015544041451
7245.0	247.0	235.91304347826087
7252.5	246.0	235.923474663909
7260.0	223.0	235.91012396694214
7267.5	252.0	235.92672858617132
7275.0	226.0	235.91649484536083
7282.5	260.0	235.94129763130792
7290.0	226.0	235.93106995884773
7297.5	217.0	235.91161356628982
7305.0	244.0	235.9199178644764
7312.5	251.0	235.9353846153846
7320.0	214.0	235.91290983606558
7327.5	253.0	235.93039918116685
7335.0	248.0	235.94274028629857
7342.5	249.0	235.95607763023494
7350.0	258.0	235.97857142857143
7357.5	223.0	235.96534148827726
7365.0	247.0	235.97657841140528
7372.5	259.0	236.0
7380.0	241.0	236.005081300813
7387.5	239.0	236.00812182741117
7395.0	225.0	235.99695740365112
7402.5	218.0	235.9787234042553
7410.0	261.0	236.00404858299595
7417.5	237.0	236.005055611729
7425.0	233.0	236.0020202020202
7432.5	232.0	235.99798183652877
7440.0	249.0	236.0110887096774
7447.5	231.0	236.0060422960725
7455.0	253.0	236.023138832998
7462.5	225.0	236.01206030150755
7470.0	221.0	235.99698795180723
7477.5	207.0	235.9679037111334
7485.0	237.0	235.9689378757515
7492.5	279.0	236.012012012012
7500.0	244.0	236.02
7507.5	224.0	236.00799200799202
7515.0	238.0	236.00998003992015
7522.5	238.0	236.01196410767696
7530.0	229.0	236.00498007968127
7537.5	235.0	236.00398009950248
7545.0	239.0	236.006958250497
7552.5	239.0	236.00993048659384
7560.0	242.0	236.015873015873
7567.5	246.0	236.02576808721506
7575.0	250.0	236.03960396039605
7582.5	223.0	236.026706231454
7590.0	246.0	236.03656126482213
7597.5	240.0	236.04047384007896
7605.0	255.0	236.05917159763314
7612.5	261.0	236.08374384236453
7620.0	232.0	236.07972440944883
7627.5	236.0	236.0796460176991
7635.0	215.0	236.05893909626718
7642.5	235.0	236.05789990186457
7650.0	238.0	236.05980392156863
7657.5	262.0	236.08521057786484
7665.0	232.0	236.08121330724072
7672.5	270.0	236.11436950146629
7680.0	234.0	236.1123046875
7687.5	245.0	236.1209756097561
7695.0	261.0	236.14522417153995
7702.5	238.0	236.14703018500487
7710.0	254.0	236.16439688715954
7717.5	246.0	236.17395529640427
7725.0	260.0	236.1970873786408
7732.5	257.0	236.2172647914646
7740.0	204.0	236.1860465116279
7747.5	229.0	236.17909002904162
7755.0	244.0	236.18665377176015
7762.5	219.0	236.17004830917875
7770.0	271.0	236.20366795366795
7777.5	236.0	236.20347155255544
7785.0	204.0	236.17244701348747
7792.5	244.0	236.17998075072185
7800.0	224.0	236.16826923076923
7807.5	251.0	236.1825168107589
7815.0	231.0	236.17754318618043
7822.5	236.0	236.17737296260785
7830.0	237.0	236.17816091954023
7837.5	242.0	236.18373205741628
7845.0	248.0	236.19502868068832
7852.5	243.0	236.2015281757402
7860.0	270.0	236.2337786259542
7867.5	231.0	236.22878932316493
7875.0	240.0	236.23238095238096
7882.5	217.0	236.2140818268316
7890.0	258.0	236.23479087452472
7897.5	263.0	236.2602089268756
7905.0	240.0	236.2637571157495
7912.5	231.0	236.25876777251185
7920.0	231.0	236.25378787878788
7927.5	269.0	236.28476821192052
7935.0	221.0	236.2703213610586
7942.5	266.0	236.29839471199244
7950.0	247.0	236.30849056603773
7957.5	243.0	236.3147973609802
7965.0	252.0	236.3295668549906
7972.5	251.0	236.343367826905
7980.0	218.0	236.32612781954887
7987.5	223.0	236.31361502347417
7995.0	211.0	236.28986866791746
8002.5	251.0	236.3036551077788
8010.0	254.0	236.32022471910113
8017.5	238.0	236.32179607109447
8025.0	243.0	236.32803738317756
8032.5	249.0	236.33986928104576
8040.0	246.0	236.34888059701493
8047.5	240.0	236.35228331780056
8055.0	246.0	236.3612662942272
8062.5	258.0	236.3813953488372
8070.0	253.0	236.39684014869889
8077.5	272.0	236.42989786443826
8085.0	235.0	236.42857142857142
8092.5	240.0	236.4318813716404
8100.0	231.0	236.42685185185186
8107.5	223.0	236.41443108233116
8115.0	240.0	236.4177449168207
8122.5	233.0	236.4145891043398
8130.0	233.0	236.41143911439116
8137.5	237.0	236.4119815668203
8145.0	220.0	236.39686924493554
8152.5	242.0	236.40202391904324
8160.0	243.0	236.40808823529412
8167.5	275.0	236.4435261707989
8175.0	226.0	236.43394495412844
8182.5	242.0	236.43904674610448
8190.0	246.0	236.4478021978022
8197.5	244.0	236.45471180237877
8205.0	231.0	236.44972577696527
8212.5	229.0	236.44292237442923
8220.0	243.0	236.44890510948906
8227.5	224.0	236.43755697356426
8235.0	269.0	236.4672131147541
8242.5	246.0	236.4758871701547
8250.0	214.0	236.45545454545456
8257.5	197.0	236.41961852861036
8265.0	241.0	236.42377495462796
8272.5	232.0	236.41976427923845
8280.0	229.0	236.41304347826087
8287.5	244.0	236.41990950226244
8295.0	215.0	236.40054249547921
8302.5	237.0	236.40108401084012
8310.0	251.0	236.41425992779784
8317.5	234.0	236.41208295761948
8325.0	235.0	236.4108108108108
8332.5	235.0	236.4095409540954
8340.0	226.0	236.4001798561151
8347.5	249.0	236.41150044923629
8355.0	227.0	236.40305206463196
8362.5	249.0	236.41434977578476
8370.0	242.0	236.41935483870967
8377.5	232.0	236.41539838854072
8385.0	238.0	236.41681574239715
8392.5	219.0	236.40125111706882
8400.0	236.0	236.40089285714285
8407.5	243.0	236.40677966101694
8415.0	234.0	236.40463458110517
8422.5	247.0	236.41406945681211
8430.0	258.0	236.4332740213523
8437.5	256.0	236.45066666666668
8445.0	211.0	236.42806394316165
8452.5	244.0	236.43478260869566
8460.0	227.0	236.42641843971631
8467.5	224.0	236.41541186891055
8475.0	256.0	236.43274336283187
8482.5	240.0	236.43589743589743
8490.0	272.0	236.4673144876325
8497.5	200.0	236.4351279788173
8505.0	241.0	236.43915343915344
8512.5	230.0	236.43348017621145
8520.0	221.0	236.41989436619718
8527.5	224.0	236.4089709762533
8535.0	254.0	236.4244288224956
8542.5	239.0	236.42669007901668
8550.0	228.0	236.41929824561404
8557.5	222.0	236.40666082383873
8565.0	242.0	236.41155866900175
8572.5	251.0	236.42432195975502
8580.0	253.0	236.4388111888112
8587.5	259.0	236.4585152838428
8595.0	234.0	236.45636998254798
8602.5	252.0	236.46992153443767
8610.0	254.0	236.48519163763066
8617.5	237.0	236.48563968668407
8625.0	238.0	236.48695652173913
8632.5	261.0	236.50825369244134
8640.0	232.0	236.50434027777777
8647.5	241.0	236.50823937554208
8655.0	255.0	236.52426343154247
8662.5	227.0	236.51601731601733
8670.0	237.0	236.51643598615917
8677.5	225.0	236.50648228176317
8685.0	243.0	236.51208981001727
8692.5	238.0	236.51337359792925
8700.0	227.0	236.5051724137931
8707.5	233.0	236.5021533161068
8715.0	246.0	236.5103270223752
8722.5	261.0	236.53138435081686
8730.0	237.0	236.53178694158075
8737.5	251.0	236.5442060085837
8745.0	229.0	236.53773584905662
8752.5	243.0	236.54327335047128
8760.0	244.0	236.54965753424656
8767.5	231.0	236.5449101796407
8775.0	224.0	236.53418803418805
8782.5	242.0	236.5388556789069
8790.0	255.0	236.55460750853243
8797.5	257.0	236.57203751065643
8805.0	237.0	236.57240204429303
8812.5	253.0	236.5863829787234
8820.0	226.0	236.57738095238096
8827.5	229.0	236.570943075616
8835.0	261.0	236.5916808149406
8842.5	224.0	236.58100084817642
8850.0	233.0	236.57796610169493
8857.5	227.0	236.56985605419138
8865.0	235.0	236.56852791878174
8872.5	235.0	236.5672020287405
8880.0	244.0	236.57347972972974
8887.5	249.0	236.58396624472573
8895.0	231.0	236.57925801011805
8902.5	249.0	236.58972198820555
8910.0	250.0	236.6010101010101
8917.5	236.0	236.6005046257359
8925.0	204.0	236.57310924369747
8932.5	264.0	236.59613769941225
8940.0	278.0	236.63087248322148
8947.5	227.0	236.6227996647108
8955.0	214.0	236.6038525963149
8962.5	223.0	236.59246861924686
8970.0	253.0	236.6061872909699
8977.5	247.0	236.61487050960736
8985.0	228.0	236.6076794657763
8992.5	236.0	236.6071726438699
9000.0	227.0	236.59916666666666
9007.5	221.0	236.58617818484595
9015.0	214.0	236.56738768718802
9022.5	232.0	236.5635910224439
9030.0	213.0	236.5440199335548
9037.5	235.0	236.5427385892116
9045.0	230.0	236.53731343283582
9052.5	231.0	236.5327257663629
9060.0	240.0	236.53559602649005
9067.5	247.0	236.54425144747725
9075.0	240.0	236.54710743801652
9082.5	236.0	236.54665565648224
9090.0	239.0	236.5486798679868
9097.5	252.0	236.56141797197031
9105.0	226.0	236.55271828665568
9112.5	233.0	236.54979423868312
9120.0	199.0	236.51891447368422
9127.5	225.0	236.50944946589976
9135.0	242.0	236.51395730706076
9142.5	252.0	236.52666119770305
9150.0	212.0	236.50655737704918
9157.5	242.0	236.51105651105652
9165.0	226.0	236.5024549918167
9172.5	236.0	236.50204415372036
9180.0	224.0	236.49183006535947
9187.5	255.0	236.5069387755102
9195.0	239.0	236.5089722675367
9202.5	250.0	236.519967400163
9210.0	243.0	236.52524429967426
9217.5	298.0	236.5752644426363
9225.0	265.0	236.59837398373983
9232.5	251.0	236.61007311129163
9240.0	241.0	236.61363636363637
9247.5	240.0	236.61638280616384
9255.0	248.0	236.62560777957862
9262.5	257.0	236.6421052631579
9270.0	259.0	236.6601941747573
9277.5	230.0	236.6548100242522
9285.0	222.0	236.64297253634896
9292.5	240.0	236.6456820016142
9300.0	237.0	236.6459677419355
9307.5	247.0	236.6543110394843
9315.0	224.0	236.6441223832528
9322.5	232.0	236.64038616251005
9330.0	220.0	236.62700964630224
9337.5	225.0	236.61767068273093
9345.0	230.0	236.6123595505618
9352.5	253.0	236.62550120288694
9360.0	235.0	236.62419871794873
9367.5	258.0	236.64131305044035
9375.0	247.0	236.6496
9382.5	221.0	236.6370903277378
9390.0	231.0	236.63258785942492
9397.5	243.0	236.63766959297686
9405.0	262.0	236.6578947368421
9412.5	245.0	236.66454183266933
9420.0	233.0	236.66162420382165
9427.5	244.0	236.66746221161495
9435.0	229.0	236.66136724960253
9442.5	250.0	236.67196187450358
9450.0	232.0	236.66825396825396
9457.5	219.0	236.65424266455193
9465.0	279.0	236.6877971473851
9472.5	297.0	236.73555027711797
9480.0	218.0	236.72072784810126
9487.5	250.0	236.7312252964427
9495.0	257.0	236.7472353870458
9502.5	223.0	236.73638516179952
9510.0	218.0	236.72160883280756
9517.5	269.0	236.74704491725768
9525.0	239.0	236.7488188976378
9532.5	246.0	236.7560975609756
9540.0	213.0	236.73742138364778
9547.5	262.0	236.75726630007856
9555.0	242.0	236.76138147566718
9562.5	238.0	236.76235294117646
9570.0	240.0	236.76489028213166
9577.5	251.0	236.7760375880971
9585.0	229.0	236.7699530516432
9592.5	248.0	236.7787333854574
9600.0	246.0	236.7859375
9607.5	241.0	236.78922716627633
9615.0	267.0	236.81279251170048
9622.5	214.0	236.7950116913484
9630.0	216.0	236.77881619937693
9637.5	241.0	236.78210116731518
9645.0	247.0	236.7900466562986
9652.5	221.0	236.77777777777777
9660.0	247.0	236.78571428571428
9667.5	225.0	236.7765709852599
9675.0	249.0	236.78604651162792
9682.5	240.0	236.78853601859024
9690.0	276.0	236.8188854489164
9697.5	258.0	236.8352668213457
9705.0	251.0	236.84621329211745
9712.5	250.0	236.85637065637064
9720.0	233.0	236.8533950617284
9727.5	230.0	236.84811102544333
9735.0	253.0	236.86055469953774
9742.5	241.0	236.86374133949192
9750.0	239.0	236.8653846153846
9757.5	229.0	236.85933897002306
9765.0	230.0	236.85407066052227
9772.5	205.0	236.8296239447429
9780.0	248.0	236.83819018404907
9787.5	241.0	236.84137931034482
9795.0	245.0	236.84762633996937
9802.5	255.0	236.86151491966336
9810.0	218.0	236.84709480122325
9817.5	242.0	236.85103132161956
9825.0	239.0	236.8526717557252
9832.5	240.0	236.85507246376812
9840.0	259.0	236.8719512195122
9847.5	257.0	236.8872810357959
9855.0	208.0	236.86529680365297
9862.5	236.0	236.86463878326995
9870.0	253.0	236.87689969604864
9877.5	214.0	236.85952923310555
9885.0	254.0	236.87253414264038
9892.5	253.0	236.8847611827142
9900.0	260.0	236.90227272727273
9907.5	228.0	236.89553368660106
9915.0	225.0	236.88653555219364
9922.5	252.0	236.89795918367346
9930.0	229.0	236.89199395770393
9937.5	217.0	236.87698113207549
9945.0	239.0	236.8785822021116
9952.5	238.0	236.87942727957798
9960.0	230.0	236.8742469879518
9967.5	235.0	236.87283671933784
9975.0	238.0	236.8736842105263
9982.5	237.0	236.87377911344853
9990.0	228.0	236.86711711711712
9997.5	210.0	236.84696174043512
10005.0	246.0	236.85382308845578
10012.5	231.0	236.8494382022472
10020.0	255.0	236.8630239520958
10027.5	234.0	236.86088257292445
10035.0	245.0	236.86696562032884
10042.5	223.0	236.85660941000748
10050.0	232.0	236.85298507462687
10057.5	242.0	236.85682326621924
10065.0	227.0	236.849478390462
10072.5	265.0	236.8704393149665
10080.0	231.0	236.86607142857142
10087.5	247.0	236.87360594795538
10095.0	218.0	236.85958395245171
10102.5	257.0	236.87453600593912
10110.0	241.0	236.87759643916914
10117.5	239.0	236.87916975537436
10125.0	240.0	236.88148148148147
10132.5	230.0	236.8763878608438
10140.0	245.0	236.88239644970415
10147.5	260.0	236.89948263118995
10155.0	230.0	236.8943870014771
10162.5	249.0	236.90332103321032
10170.0	237.0	236.90339233038347
10177.5	234.0	236.90125276344878
10185.0	248.0	236.90942562592048
10192.5	223.0	236.8991905813098
10200.0	233.0	236.89632352941177
10207.5	229.0	236.8905216752388
10215.0	244.0	236.89574155653452
10222.5	234.0	236.89361702127658
10230.0	240.0	236.8958944281525
10237.5	242.0	236.8996336996337
10245.0	237.0	236.89970717423134
10252.5	253.0	236.91148500365765
10260.0	233.0	236.90862573099415
10267.5	237.0	236.90869247626006
10275.0	232.0	236.90510948905109
10282.5	208.0	236.8840262582057
10290.0	270.0	236.90816326530611
10297.5	237.0	236.90823015294976
10305.0	262.0	236.92649199417758
10312.5	247.0	236.93381818181817
10320.0	242.0	236.9375
10327.5	249.0	236.94625998547568
10335.0	204.0	236.92235123367198
10342.5	254.0	236.93473531544598
10350.0	222.0	236.92391304347825
10357.5	268.0	236.94641564083997
10365.0	218.0	236.93270622286542
10372.5	222.0	236.92190889370931
10380.0	232.0	236.91835260115607
10387.5	257.0	236.93285198555958
10395.0	240.0	236.93506493506493
10402.5	242.0	236.93871665465034
10410.0	231.0	236.9344380403458
10417.5	243.0	236.93880489560834
10425.0	228.0	236.93237410071941
10432.5	220.0	236.92020129403306
10440.0	233.0	236.91738505747125
10447.5	243.0	236.92175161521897
10455.0	250.0	236.93113342898135
10462.5	223.0	236.921146953405
10470.0	244.0	236.926217765043
10477.5	264.0	236.94559770937724
10485.0	213.0	236.92846924177397
10492.5	235.0	236.92709077912795
10500.0	246.0	236.93357142857144
10507.5	236.0	236.93290506780872
10515.0	231.0	236.92867332382312
10522.5	246.0	236.9351389878831
10530.0	210.0	236.91595441595442
10537.5	223.0	236.90604982206406
10545.0	233.0	236.90327169274536
10552.5	225.0	236.8948116560057
10560.0	249.0	236.9034090909091
10567.5	266.0	236.92405961674947
10575.0	201.0	236.89858156028367
10582.5	242.0	236.90219702338766
10590.0	216.0	236.8873937677054
10597.5	246.0	236.89384288747345
10605.0	249.0	236.9024045261669
10612.5	260.0	236.91872791519435
10620.0	246.0	236.92514124293785
10627.5	264.0	236.9442484121383
10635.0	240.0	236.94640338504936
10642.5	244.0	236.95137420718817
10650.0	221.0	236.94014084507043
10657.5	243.0	236.94440534834624
10665.0	215.0	236.92897327707453
10672.5	292.0	236.96767392832044
10680.0	265.0	236.9873595505618
10687.5	229.0	236.9817543859649
10695.0	245.0	236.9873772791024
10702.5	256.0	237.00070077084794
10710.0	212.0	236.98319327731093
10717.5	204.0	236.96011196641007
10725.0	256.0	236.97342657342656
10732.5	242.0	236.9769392033543
10740.0	222.0	236.96648044692736
10747.5	249.0	236.97487787857642
10755.0	213.0	236.9581589958159
10762.5	232.0	236.9547038327526
10770.0	223.0	236.9449860724234
10777.5	233.0	236.94224077940154
10785.0	243.0	236.94645340751043
10792.5	274.0	236.97220291869354
10800.0	232.0	236.96875
10807.5	220.0	236.95697432338653
10815.0	239.0	236.95839112343967
10822.5	216.0	236.94386694386694
10830.0	250.0	236.9529085872576
10837.5	230.0	236.94809688581316
10845.0	241.0	236.9508990318119
10852.5	229.0	236.94540428472703
10860.0	211.0	236.92748618784532
10867.5	212.0	236.91028295376123
10875.0	212.0	236.89310344827587
10882.5	262.0	236.9104066161268
10890.0	246.0	236.91666666666666
10897.5	239.0	236.91810048176188
10905.0	222.0	236.90784044016507
10912.5	234.0	236.90584192439863
10920.0	210.0	236.88736263736263
10927.5	229.0	236.88194921070692
10935.0	263.0	236.89986282578874
10942.5	226.0	236.89239204934887
10950.0	251.0	236.90205479452055
10957.5	239.0	236.9034907597536
10965.0	245.0	236.9090287277702
10972.5	234.0	236.90704032809296
10980.0	249.0	236.9153005464481
10987.5	255.0	236.92764505119453
10995.0	232.0	236.9242837653479
11002.5	225.0	236.91615541922292
11010.0	214.0	236.90054495912807
11017.5	244.0	236.90537780803268
11025.0	235.0	236.90408163265306
11032.5	219.0	236.89191026512577
11040.0	226.0	236.88451086956522
11047.5	232.0	236.88119484046163
11055.0	261.0	236.8975576662144
11062.5	245.0	236.90305084745762
11070.0	213.0	236.88685636856368
11077.5	230.0	236.88219363574814
11085.0	262.0	236.89918809201623
11092.5	239.0	236.90060851926978
11100.0	228.0	236.8945945945946
11107.5	252.0	236.90479405806886
11115.0	224.0	236.8960863697706
11122.5	242.0	236.8995279838166
11130.0	230.0	236.89487870619945
11137.5	249.0	236.9030303030303
11145.0	225.0	236.8950201884253
11152.5	259.0	236.90988567585742
11160.0	255.0	236.9220430107527
11167.5	255.0	236.9341840161182
11175.0	248.0	236.94161073825504
11182.5	230.0	236.93695506371563
11190.0	234.0	236.93498659517425
11197.5	226.0	236.92766242464836
11205.0	240.0	236.929718875502
11212.5	220.0	236.91839464882943
11220.0	220.0	236.90708556149733
11227.5	249.0	236.91516366065466
11235.0	251.0	236.9245660881175
11242.5	211.0	236.9072715143429
11250.0	254.0	236.91866666666667
11257.5	246.0	236.92471685542972
11265.0	241.0	236.92743009320907
11272.5	245.0	236.93280106453759
11280.0	229.0	236.9275265957447
11287.5	230.0	236.92292358803988
11295.0	238.0	236.92363877822046
11302.5	238.0	236.92435301924354
11310.0	227.0	236.91777188328913
11317.5	224.0	236.909211398277
11325.0	217.0	236.89602649006622
11332.5	244.0	236.9007279947055
11340.0	218.0	236.88822751322752
11347.5	267.0	236.9081295439524
11355.0	258.0	236.9220607661823
11362.5	261.0	236.93795379537954
11370.0	237.0	236.93799472295515
11377.5	215.0	236.92353328938694
11385.0	236.0	236.92292490118578
11392.5	216.0	236.90915075707701
11400.0	253.0	236.91973684210527
11407.5	249.0	236.9276791584484
11415.0	240.0	236.92969776609723
11422.5	241.0	236.93237032173343
11430.0	233.0	236.9297900262467
11437.5	241.0	236.93245901639344
11445.0	238.0	236.93315858453474
11452.5	262.0	236.94957432874918
11460.0	267.0	236.96924083769633
11467.5	251.0	236.97841726618705
11475.0	253.0	236.98888888888888
11482.5	217.0	236.97583278902678
11490.0	256.0	236.98825065274153
11497.5	234.0	236.986301369863
11505.0	245.0	236.9915254237288
11512.5	259.0	237.0058631921824
11520.0	217.0	236.99283854166666
11527.5	247.0	236.99934938191282
11535.0	263.0	237.01625487646294
11542.5	235.0	237.01494476933073
11550.0	245.0	237.02012987012986
11557.5	219.0	237.00843608046722
11565.0	262.0	237.02464332036317
11572.5	234.0	237.02268308489954
11580.0	250.0	237.03108808290156
11587.5	220.0	237.02006472491908
11595.0	250.0	237.02846054333764
11602.5	236.0	237.0277957336781
11610.0	249.0	237.03552971576227
11617.5	258.0	237.04906391220143
11625.0	242.0	237.05225806451614
11632.5	233.0	237.04964539007094
11640.0	242.0	237.0528350515464
11647.5	261.0	237.06825499034127
11655.0	259.0	237.08236808236808
11662.5	253.0	237.09260450160772
11670.0	231.0	237.08868894601542
11677.5	224.0	237.08028259473346
11685.0	225.0	237.07252888318357
11692.5	234.0	237.07055805003208
11700.0	238.0	237.07115384615383
11707.5	227.0	237.06470211402947
11715.0	229.0	237.0595390524968
11722.5	219.0	237.04798464491364
11730.0	225.0	237.04028132992326
11737.5	246.0	237.04600638977635
11745.0	216.0	237.03256704980842
11752.5	259.0	237.04658583280153
11760.0	215.0	237.0325255102041
11767.5	244.0	237.03696622052263
11775.0	202.0	237.01464968152865
11782.5	225.0	237.00700190961172
11790.0	210.0	236.98982188295165
11797.5	258.0	237.00317863954228
11805.0	246.0	237.00889453621346
11812.5	239.0	237.01015873015874
11820.0	263.0	237.0266497461929
11827.5	237.0	237.02663284717818
11835.0	217.0	237.01394169835234
11842.5	251.0	237.02279924002534
11850.0	236.0	237.02215189873417
11857.5	235.0	237.02087286527515
11865.0	267.0	237.03982300884957
11872.5	217.0	237.0271636133923
11880.0	219.0	237.01578282828282
11887.5	230.0	237.01135646687698
11895.0	225.0	237.00378310214376
11902.5	232.0	237.00063011972276
11910.0	244.0	237.00503778337531
11917.5	236.0	237.00440528634363
11925.0	246.0	237.01006289308177
11932.5	252.0	237.01948460087996
11940.0	253.0	237.02952261306532
11947.5	243.0	237.03327055869428
11955.0	208.0	237.0150564617315
11962.5	262.0	237.0307210031348
11970.0	233.0	237.0281954887218
11977.5	225.0	237.020663744521
11985.0	229.0	237.01564455569462
11992.5	237.0	237.01563477173232
12000.0	235.0	237.014375
12007.5	221.0	237.0043722673329
12015.0	233.0	237.00187265917603
12022.5	227.0	236.99563318777294
12030.0	232.0	236.9925187032419
12037.5	233.0	236.990031152648
12045.0	226.0	236.98318804483188
12052.5	264.0	237.0
12060.0	246.0	237.00559701492537
12067.5	247.0	237.01180857675575
12075.0	249.0	237.01925465838508
12082.5	224.0	237.01117318435755
12090.0	238.0	237.01178660049627
12097.5	240.0	237.0136391816491
12105.0	248.0	237.02044609665427
12112.5	239.0	237.02167182662538
12120.0	227.0	237.0154702970297
12127.5	237.0	237.01546072974645
12135.0	246.0	237.02101359703337
12142.5	247.0	237.0271772699197
12150.0	235.0	237.02592592592592
12157.5	254.0	237.03639728562615
12165.0	247.0	237.04254007398274
12172.5	229.0	237.03758471965497
12180.0	209.0	237.02032019704433
12187.5	250.0	237.0283076923077
12195.0	219.0	237.01722017220172
12202.5	205.0	236.99754148740013
12210.0	215.0	236.9840294840295
12217.5	251.0	236.9926335174954
12225.0	262.0	237.0079754601227
12232.5	237.0	237.00797057020233
12240.0	239.0	237.00919117647058
12247.5	247.0	237.01530924678505
12255.0	239.0	237.01652386780907
12262.5	263.0	237.03241590214068
12270.0	224.0	237.0244498777506
12277.5	242.0	237.02748930971288
12285.0	265.0	237.04456654456655
12292.5	219.0	237.03355704697987
12300.0	238.0	237.0341463414634
12307.5	206.0	237.01523461304083
12315.0	237.0	237.01522533495736
12322.5	227.0	237.0091296409008
12330.0	223.0	237.00060827250607
12337.5	225.0	236.99331306990882
12345.0	220.0	236.98298906439854
12352.5	239.0	236.98421372191865
12360.0	246.0	236.9896844660194
12367.5	238.0	236.99029714978775
12375.0	236.0	236.98969696969698
12382.5	246.0	236.99515445184736
12390.0	228.0	236.9897094430993
12397.5	230.0	236.98548094373865
12405.0	238.0	236.98609431680774
12412.5	239.0	236.98731117824772
12420.0	250.0	236.9951690821256
12427.5	259.0	237.0084490042245
12435.0	240.0	237.0102533172497
12442.5	219.0	236.99939722724534
12450.0	229.0	236.99457831325302
12457.5	231.0	236.99096929560505
12465.0	221.0	236.98134777376654
12472.5	245.0	236.98616957306072
12480.0	262.0	237.00120192307693
12487.5	246.0	237.0066066066066
12495.0	246.0	237.01200480192077
12502.5	255.0	237.0227954409118
12510.0	248.0	237.02937649880096
12517.5	234.0	237.02756141402037
12525.0	215.0	237.01437125748504
12532.5	235.0	237.0131657690006
12540.0	234.0	237.01136363636363
12547.5	225.0	237.0041841004184
12555.0	259.0	237.0173237753883
12562.5	225.0	237.01014925373136
12570.0	228.0	237.00477326968974
12577.5	247.0	237.0107334525939
12585.0	237.0	237.01072705601908
12592.5	252.0	237.0196545562835
12600.0	257.0	237.03154761904761
12607.5	206.0	237.01308744794764
12615.0	252.0	237.0219976218787
12622.5	242.0	237.02495543672015
12630.0	230.0	237.020783847981
12637.5	229.0	237.0160237388724
12645.0	239.0	237.01720047449584
12652.5	256.0	237.0284528749259
12660.0	251.0	237.0367298578199
12667.5	231.0	237.0331557134399
12675.0	249.0	237.04023668639053
12682.5	225.0	237.03311649911296
12690.0	217.0	237.0212765957447
12697.5	255.0	237.03189604252805
12705.0	211.0	237.01652892561984
12712.5	219.0	237.00589970501474
12720.0	229.0	237.00117924528303
12727.5	245.0	237.00589275191516
12735.0	239.0	237.00706713780917
12742.5	236.0	237.00647439670394
12750.0	249.0	237.0135294117647
12757.5	229.0	237.00881834215167
12765.0	212.0	236.99412455934194
12772.5	226.0	236.9876688197299
12780.0	247.0	236.99354460093898
12787.5	212.0	236.97888563049852
12795.0	230.0	236.97479484173505
12802.5	230.0	236.97070884592853
12810.0	219.0	236.96018735362998
12817.5	260.0	236.97366881217087
12825.0	208.0	236.95672514619883
12832.5	244.0	236.96084161309176
12840.0	253.0	236.97021028037383
12847.5	220.0	236.96030356100408
12855.0	286.0	236.9889148191365
12862.5	220.0	236.97900874635567
12870.0	235.0	236.97785547785548
12877.5	246.0	236.98311007571345
12885.0	265.0	236.99941792782306
12892.5	228.0	236.99418266433975
12900.0	221.0	236.98488372093024
12907.5	256.0	236.99593259732714
12915.0	236.0	236.99535423925667
12922.5	230.0	236.9912942542078
12930.0	246.0	236.99651972157773
12937.5	271.0	237.01623188405796
12945.0	268.0	237.03418308227114
12952.5	248.0	237.04053271569194
12960.0	265.0	237.05671296296296
12967.5	226.0	237.0503181029497
12975.0	237.0	237.05028901734104
12982.5	238.0	237.05083766608897
12990.0	212.0	237.03637413394918
12997.5	209.0	237.0201961915753
13005.0	223.0	237.0121107266436
13012.5	219.0	237.00172910662823
13020.0	253.0	237.01094470046084
13027.5	245.0	237.01554404145077
13035.0	234.0	237.01380897583428
13042.5	214.0	237.00057504312824
13050.0	227.0	236.9948275862069
13057.5	247.0	237.00057438253876
13065.0	210.0	236.98507462686567
13072.5	259.0	236.99770510613885
13080.0	251.0	237.00573394495413
13087.5	224.0	236.99828080229227
13095.0	225.0	236.9914089347079
13102.5	240.0	236.9931310818546
13110.0	244.0	236.99713958810068
13117.5	236.0	236.99656946826758
13125.0	222.0	236.988
13132.5	257.0	236.9994288977727
13140.0	234.0	236.99771689497717
13147.5	226.0	236.99144324015973
13155.0	243.0	236.99486887115165
13162.5	254.0	237.0045584045584
13170.0	209.0	236.9886104783599
13177.5	216.0	236.97666476949345
13185.0	237.0	236.97667804323095
13192.5	246.0	236.9818078453667
13200.0	249.0	236.98863636363637
13207.5	231.0	236.98523566155595
13215.0	235.0	236.98410896708285
13222.5	259.0	236.99659671015314
13230.0	240.0	236.9982993197279
13237.5	224.0	236.99093484419262
13245.0	219.0	236.98074745186864
13252.5	236.0	236.98019241652517
13260.0	228.0	236.97511312217193
13267.5	233.0	236.9728660260034
13275.0	239.0	236.97401129943503
13282.5	228.0	236.9689440993789
13290.0	229.0	236.96444695259595
13297.5	224.0	236.9571347997744
13305.0	232.0	236.9543404735062
13312.5	245.0	236.95887323943663
13320.0	207.0	236.9420045045045
13327.5	228.0	236.93697242543612
13335.0	227.0	236.93138357705286
13342.5	231.0	236.92804946599213
13350.0	258.0	236.93988764044943
13357.5	235.0	236.93879842784952
13365.0	252.0	236.9472502805836
13372.5	235.0	236.94615816040383
13380.0	248.0	236.9523542600897
13387.5	210.0	236.93725490196078
13395.0	224.0	236.9300111982083
13402.5	261.0	236.9434806939004
13410.0	234.0	236.94183445190157
13417.5	235.0	236.9407490217999
13425.0	241.0	236.94301675977653
13432.5	228.0	236.93802345058626
13440.0	213.0	236.92466517857142
13447.5	237.0	236.92470719464583
13455.0	251.0	236.93255295429208
13462.5	216.0	236.9208913649025
13470.0	235.0	236.9198218262806
13477.5	238.0	236.92042292710073
13485.0	234.0	236.91879866518354
13492.5	202.0	236.899388549194
13500.0	249.0	236.9061111111111
13507.5	233.0	236.90394225430316
13515.0	221.0	236.8951165371809
13522.5	238.0	236.89572933998892
13530.0	217.0	236.88470066518846
13537.5	229.0	236.8803324099723
13545.0	235.0	236.87929125138427
13552.5	256.0	236.88987271721084
13560.0	239.0	236.89103982300884
13567.5	228.0	236.88612493090105
13575.0	222.0	236.87790055248618
13582.5	246.0	236.88293760353395
13590.0	260.0	236.8956953642384
13597.5	206.0	236.87865416436844
13605.0	240.0	236.88037486218303
13612.5	232.0	236.87768595041322
13620.0	255.0	236.8876651982379
13627.5	222.0	236.87947165657678
13635.0	234.0	236.87788778877888
13642.5	228.0	236.87300714678395
13650.0	246.0	236.878021978022
13657.5	227.0	236.87259747391542
13665.0	267.0	236.88913282107575
13672.5	226.0	236.8831596269885
13680.0	232.0	236.88048245614036
13687.5	233.0	236.87835616438358
13695.0	251.0	236.88608981380065
13702.5	247.0	236.89162561576356
13710.0	243.0	236.89496717724288
13717.5	248.0	236.90103881902678
13725.0	241.0	236.90327868852458
13732.5	216.0	236.89186237028946
13740.0	237.0	236.89192139737992
13747.5	248.0	236.89798145117294
13755.0	234.0	236.89640130861505
13762.5	233.0	236.89427792915532
13770.0	215.0	236.88235294117646
13777.5	211.0	236.8682634730539
13785.0	236.0	236.8677910772579
13792.5	225.0	236.86133768352366
13800.0	237.0	236.86141304347825
13807.5	239.0	236.86257468766973
13815.0	250.0	236.86970684039088
13822.5	243.0	236.87303309820945
13830.0	217.0	236.86225596529283
13837.5	210.0	236.84769647696476
13845.0	235.0	236.84669555796316
13852.5	260.0	236.85923118570656
13860.0	248.0	236.86525974025975
13867.5	224.0	236.8583017847485
13875.0	263.0	236.87243243243242
13882.5	247.0	236.87790383576444
13890.0	247.0	236.88336933045358
13897.5	250.0	236.8904479222882
13905.0	224.0	236.88349514563106
13912.5	220.0	236.8743935309973
13920.0	209.0	236.859375
13927.5	235.0	236.85837372105547
13935.0	224.0	236.8514531754575
13942.5	246.0	236.85637439483594
13950.0	227.0	236.8510752688172
13957.5	228.0	236.8463191832348
13965.0	260.0	236.85875402792695
13972.5	253.0	236.86741814278045
13980.0	236.0	236.86695278969958
13987.5	194.0	236.84396782841824
13995.0	201.0	236.82475884244374
14002.5	240.0	236.82645956079273
14010.0	231.0	236.82334047109208
14017.5	228.0	236.81861958266452
14025.0	264.0	236.8331550802139
14032.5	256.0	236.84339925173703
14040.0	260.0	236.85576923076923
14047.5	211.0	236.84196476241323
14055.0	234.0	236.84044823906083
14062.5	235.0	236.83946666666668
14070.0	245.0	236.84381663113007
14077.5	231.0	236.8407032498668
14085.0	221.0	236.83226837060704
14092.5	244.0	236.8360830228845
14100.0	251.0	236.8436170212766
14107.5	256.0	236.85380116959064
14115.0	255.0	236.8634431455898
14122.5	248.0	236.86935740839087
14130.0	220.0	236.8604033970276
14137.5	227.0	236.8551724137931
14145.0	206.0	236.83881230116648
14152.5	255.0	236.84843667196608
14160.0	227.0	236.84322033898306
14167.5	233.0	236.84118581259926
14175.0	268.0	236.85767195767195
14182.5	260.0	236.86991010047595
14190.0	228.0	236.865221987315
14197.5	232.0	236.86265187533016
14205.0	258.0	236.8738120380148
14212.5	211.0	236.86015831134566
14220.0	228.0	236.8554852320675
14227.5	254.0	236.8645229309436
14235.0	237.0	236.8645943097998
14242.5	227.0	236.85939968404423
14250.0	254.0	236.8684210526316
14257.5	201.0	236.84955286691215
14265.0	221.0	236.84121976866456
14272.5	249.0	236.84760903836047
14280.0	252.0	236.85556722689077
14287.5	252.0	236.86351706036746
14295.0	245.0	236.86778593913957
14302.5	235.0	236.86680650235974
14310.0	245.0	236.87106918238993
14317.5	221.0	236.8627553693033
14325.0	242.0	236.865445026178
14332.5	241.0	236.8676085818943
14340.0	215.0	236.85617154811715
14347.5	224.0	236.84945112388917
14355.0	241.0	236.8516196447231
14362.5	192.0	236.82819843342037
14370.0	228.0	236.82359081419625
14377.5	241.0	236.82576943140324
14385.0	252.0	236.83368091762253
14392.5	243.0	236.83689421573737
14400.0	213.0	236.82447916666666
14407.5	237.0	236.82457053617907
14415.0	238.0	236.8251821019771
14422.5	232.0	236.82267290691627
14430.0	275.0	236.84251559251558
14437.5	231.0	236.83948051948053
14445.0	249.0	236.84579439252337
14452.5	258.0	236.85677218474314
14460.0	258.0	236.86773858921163
14467.5	244.0	236.87143597719026
14475.0	223.0	236.86424870466323
14482.5	225.0	236.85810460901087
14490.0	269.0	236.87474120082817
14497.5	253.0	236.88308329022246
14505.0	262.0	236.8960703205791
14512.5	251.0	236.9033591731266
14520.0	239.0	236.90444214876032
14527.5	225.0	236.89829633453795
14535.0	258.0	236.9091847265222
14542.5	246.0	236.91387313047963
14550.0	267.0	236.92938144329898
14557.5	242.0	236.93199381761977
14565.0	229.0	236.92790937178168
14572.5	240.0	236.92949047864127
14580.0	234.0	236.92798353909464
14587.5	232.0	236.9254498714653
14595.0	230.0	236.9218910585817
14602.5	249.0	236.9280945043657
14610.0	242.0	236.9306981519507
14617.5	224.0	236.92406362237045
14625.0	220.0	236.91538461538462
14632.5	273.0	236.93388006150693
14640.0	237.0	236.93391393442624
14647.5	254.0	236.9426523297491
14655.0	228.0	236.93807574206755
14662.5	247.0	236.94322250639385
14670.0	244.0	236.94683026584866
14677.5	213.0	236.93459376596832
14685.0	238.0	236.93513789581206
14692.5	230.0	236.9315977539561
14700.0	245.0	236.93571428571428
14707.5	221.0	236.92758796532382
14715.0	250.0	236.93425076452598
14722.5	230.0	236.9307182883342
14730.0	207.0	236.9154786150713
14737.5	256.0	236.92519083969466
14745.0	247.0	236.93031536113938
14752.5	213.0	236.91814946619218
14760.0	245.0	236.922256097561
14767.5	254.0	236.93092940578975
14775.0	240.0	236.93248730964467
14782.5	228.0	236.92795535261288
14790.0	252.0	236.93559837728193
14797.5	228.0	236.93106943740497
14805.0	211.0	236.91793313069908
14812.5	226.0	236.91240506329115
14820.0	245.0	236.9164979757085
14827.5	260.0	236.92817400101163
14835.0	241.0	236.93023255813952
14842.5	224.0	236.92369883779688
14850.0	230.0	236.92020202020203
14857.5	244.0	236.92377587077235
14865.0	226.0	236.91826437941472
14872.5	269.0	236.93444276348967
14880.0	255.0	236.94354838709677
14887.5	228.0	236.9390428211587
14895.0	246.0	236.9436052366566
14902.5	253.0	236.95168595873176
14910.0	241.0	236.95372233400403
14917.5	252.0	236.96128707893413
14925.0	259.0	236.97236180904522
14932.5	247.0	236.97739829231543
14940.0	254.0	236.9859437751004
14947.5	261.0	236.99799297541395
14955.0	293.0	237.0260782347041
14962.5	216.0	237.0155388471178
14970.0	225.0	237.00951903807615
14977.5	225.0	237.00350525788684
14985.0	235.0	237.0025025025025
14992.5	240.0	237.0040020010005
15000.0	238.0	237.0045
15007.5	223.0	236.99750124937532
15015.0	240.0	236.999000999001
15022.5	222.0	236.99151273090365
15030.0	233.0	236.98952095808383
15037.5	247.0	236.99451371571072
15045.0	222.0	236.98703888334995
15052.5	241.0	236.98903836571998
15060.0	231.0	236.98605577689244
15067.5	240.0	236.98755599800896
15075.0	216.0	236.9771144278607
15082.5	228.0	236.9726504226753
15090.0	232.0	236.97017892644135
15097.5	227.0	236.9652260307998
15105.0	227.0	236.96027805362462
15112.5	247.0	236.96526054590572
15120.0	257.0	236.9751984126984
15127.5	268.0	236.99058006941002
15135.0	224.0	236.98414271555995
15142.5	205.0	236.9683011391778
15150.0	215.0	236.95742574257426
15157.5	235.0	236.95645719940623
15165.0	224.0	236.95004945598419
15172.5	239.0	236.9510627780524
15180.0	225.0	236.9451581027668
15187.5	227.0	236.94024691358024
15195.0	239.0	236.94126357354392
15202.5	223.0	236.93438579181057
15210.0	221.0	236.92652859960552
15217.5	215.0	236.91572203055694
15225.0	209.0	236.90197044334974
15232.5	228.0	236.89758739537174
15240.0	231.0	236.89468503937007
15247.5	240.0	236.89621249385146
15255.0	234.0	236.89478859390363
15262.5	259.0	236.90565110565112
15270.0	262.0	236.91797642436148
15277.5	222.0	236.9106529209622
15285.0	237.0	236.91069676153091
15292.5	254.0	236.91907797940166
15300.0	250.0	236.92549019607844
15307.5	230.0	236.922097011269
15315.0	225.0	236.91625857002938
15322.5	230.0	236.91287322564855
15330.0	265.0	236.926614481409
15337.5	220.0	236.91833740831296
15345.0	252.0	236.92570869990226
15352.5	229.0	236.9218368343918
15360.0	214.0	236.91064453125
